-848.5225866 441.4977175 0
-597.6303313 -965.0478024 0
953.3317631 635.7671795 1
644.8941999 315.33688 1
316.8463757 534.5832314 1
-553.4100315 922.3668405 0
100.0891893 65.71205401 1
-383.1889771 735.2492389 0
-951.9432088 -678.6376858 0
380.3007472 -141.4834386 1
150.3128995 -721.9298378 1
-60.32332933 755.2152621 0
-831.3276874 549.9084075 0
100.4829189 368.1875232 0
-686.8312876 81.97488795 0
539.082206 -862.2520973 1
535.3231816 -732.3302895 1
974.5720926 538.4495861 1
-957.4424157 818.5911152 0
177.3472346 -966.9204238 1
-584.0504214 445.2511003 0
64.58526111 -105.7010289 1
-458.7774249 -647.1669523 0
-557.3531241 872.7583547 0
-832.4382929 -137.5113399 0
249.1695824 543.8917264 1
-781.5433231 -832.4518979 0
729.7109494 468.7613415 1
-213.9080422 -348.8320659 0
177.4830006 558.1757801 0
933.505035 406.7242672 1
870.4430275 -522.8896294 1
-24.54862296 544.7039833 0
-453.3986781 540.4415275 0
443.1130083 638.2785445 1
473.6471035 -310.4943638 1
805.3897493 913.523653 1
843.2053267 320.8061858 1
395.8020969 47.35839739 1
-72.4636725 -243.4717649 1
606.4630335 56.25795009 1
951.137208 993.6471751 1
-726.3879489 442.3696913 0
252.0503162 828.4241538 0
648.9341846 796.6990412 1
870.9925419 -745.3924222 1
535.6008871 305.4915466 1
330.7601063 740.7197722 1
-347.1618326 -204.5206478 0
786.2825702 198.8129742 1
547.021736 -484.5077546 1
647.5815281 -411.2552305 1
-550.7633341 397.4073554 0
-514.9882908 209.0832186 0
644.4949592 618.8325387 1
-677.1556409 -84.48526366 0
-337.7351821 -611.9453059 0
653.5864691 156.7614274 1
-140.1401928 -361.7906084 0
832.0851692 97.36544547 1
-13.07902906 -767.4898349 1
187.4593652 513.2681646 1
35.32927249 -644.7872085 1
669.5227353 502.7193798 1
425.7286136 -124.7985408 1
-281.0717859 -85.12085179 0
-857.1492129 -19.91313891 0
-497.2355401 950.5671518 0
-923.460749 -215.9796036 0
-362.7316542 844.1317446 0
727.4076995 488.4943658 1
919.575208 393.2274333 1
20.29632262 761.4757513 0
-720.9157259 -892.1925378 0
-793.3391971 -543.751938 0
132.6716479 -90.6618426 1
750.1487919 597.3664593 1
-198.5567859 -0.852651783 0
-833.3669372 -152.0850367 0
211.0273491 948.5620589 0
677.5367822 34.68985254 1
-960.802149 135.0864197 0
-819.3403563 -14.67049309 0
962.5774354 -984.9626165 1
446.4894343 -734.2753297 1
-281.6392129 739.2678466 0
-112.163403 -202.8918477 0
-141.1266001 529.2842275 0
312.0640024 -67.08452262 1
-537.4305254 701.9562663 0
-975.9922652 -308.7423946 0
363.7348328 351.1713 1
-995.7078849 260.5867426 0
190.9770871 -556.9355194 1
-819.5236389 -37.05256162 0
976.1257331 617.0094591 1
965.1286009 -418.4077627 1
-736.7621878 120.5323596 0
-417.1821979 -405.9134148 0
947.3164031 -83.87724759 1
746.4419675 -112.7343081 1
-585.6894905 -569.8116386 0
-437.7099731 -295.4411291 0
429.5852656 600.6863794 1
639.4460177 640.2485499 1
899.718503 442.1586739 1
793.14473 -713.7968005 1
295.2603138 428.1912838 1
-798.9232591 201.3811838 0
-861.5176402 -875.0576833 0
-216.4329511 930.7254641 0
963.9404298 318.469645 1
-30.15872199 -48.74723245 0
-394.9927752 -366.6325522 0
801.1896382 498.3733345 1
-47.71733309 -966.1990436 1
409.5728131 752.4549876 1
96.82318291 -491.8494801 1
-90.63354098 501.1513604 0
-601.1283409 -773.2143317 0
515.7713332 -967.2925142 1
102.7277961 -980.4873945 1
-13.60652192 -113.7777036 1
-730.440228 716.7561749 0
506.7821643 94.89200887 1
-545.6839951 -373.8752035 0
99.85994429 144.8844385 1
587.732504 10.22558209 1
494.1803147 -277.0097218 1
-842.478215 -892.8132401 0
790.3655674 333.9052532 1
-216.6456358 847.8972425 0
-321.1661675 -777.5269303 0
-130.3981864 848.8789223 0
964.7562495 312.5953777 1
676.2884411 206.5223731 1
-225.036574 -624.3660445 0
196.7640317 -285.9132391 1
-477.7852203 424.5329444 0
-786.8951937 -914.9446329 0
-435.3805173 202.2579259 0
144.5732871 -957.0671833 1
444.880376 -754.4357851 1
-42.62401151 923.9221789 0
-61.77611913 785.7206478 0
534.5442508 -206.9960115 1
642.3693709 -375.394203 1
12.88184562 456.9658868 0
338.8032235 -762.2899042 1
-120.7401182 251.521293 0
164.414643 30.14323957 1
-344.731305 778.8534831 0
-671.7081372 573.0411198 0
-261.0339376 846.459419 0
-142.6921946 868.8918587 0
246.6908972 268.5699447 1
424.9357943 534.1836913 1
157.0795977 108.0200471 1
-127.5862326 -913.704302 1
-637.8704747 -448.1526206 0
965.4294056 75.22680444 1
-17.0883455 -527.6849661 1
-183.092546 144.9451421 0
-170.649326 235.0728882 0
-371.6217871 238.2717074 0
151.9589573 36.11431572 1
-629.1955051 920.4511341 0
854.7932263 -535.3909312 1
980.495681 561.1312673 1
350.4527613 363.7902231 1
-872.9843461 -676.6277012 0
730.139094 -253.0582204 1
37.70485312 91.55502132 1
-302.7209499 -859.9041338 0
784.3593221 612.1364541 1
346.9094519 582.8121804 1
-332.572718 -684.3185937 0
638.0668363 314.7403915 1
-762.8222631 179.7703443 0
-206.9408791 -2.258079065 0
-448.3771436 -472.9187097 0
138.9874114 -542.7701694 1
284.3762538 -749.5920095 1
51.03460595 953.3776555 0
695.2584405 -592.9366596 1
816.3703796 848.3160413 1
866.5261292 -751.0784662 1
-130.4888355 187.2416139 0
696.718885 966.7849379 1
-739.1571394 626.03946 0
230.9547134 66.72128371 1
653.0280469 48.82635516 1
576.2512963 223.3446608 1
482.6716548 909.5839201 1
465.2223861 447.6842156 1
-772.975625 -778.6532914 0
-154.9398038 -634.5835958 1
3.858054342 748.1473961 0
224.5023916 6.916529868 1
-747.1562139 -660.1038008 0
289.3111068 -264.7137491 1
-275.3487441 265.6941638 0
-886.8845164 -968.5136929 0
-321.6275159 794.5572768 0
-249.7376243 506.7784752 0
-455.957054 -846.451675 0
-98.8028596 245.3239885 0
-911.3371454 893.6474743 0
-948.8712141 -2.671899341 0
571.1295182 -515.6698646 1
983.5481359 307.6992165 1
368.6106165 -319.506887 1
13.79306911 832.9089579 0
450.9690566 -728.8062492 1
-129.3526861 -876.4416994 1
-558.965059 832.1087113 0
12.88737907 -445.06208 1
416.2608216 -954.1333968 1
932.7967384 760.8068693 1
837.0020926 -105.0418797 1
764.0990177 -364.5178681 1
616.8187844 -114.5633278 1
480.8044035 -233.3738126 1
-328.3856257 88.43788679 0
477.5250065 171.0541694 1
872.1400939 820.6691245 1
726.2590789 -681.1029569 1
-43.2823345 -36.28466563 0
902.7271627 -611.9581992 1
-706.1453978 995.6424322 0
292.2779263 652.4199101 1
60.67752306 678.0167231 0
796.7765198 -148.6013644 1
802.2755869 -949.4254405 1
941.6878449 -725.8506848 1
59.07860291 191.8532331 0
-751.4560683 93.71619463 0
-48.80130023 799.7627667 0
-721.995769 959.3203498 0
-599.9220294 491.6798393 0
409.7759783 921.3467692 1
729.6347935 -663.7952376 1
912.4159934 -169.2189869 1
502.6650975 274.4422867 1
-94.10876806 -731.5479519 1
-445.2592993 135.7099283 0
-992.5318376 39.67545857 0
731.0958194 -709.5216364 1
543.9499611 -538.6875047 1
442.9825984 -763.4106619 1
612.4338288 939.0041837 1
-389.4529749 646.0051281 0
913.5303733 959.7823484 1
-837.2711103 407.519593 0
-590.9811602 211.9243594 0
378.7971939 976.596245 1
-931.6176131 456.8954588 0
-11.83355106 -104.6440813 1
-800.743699 101.272608 0
-228.1971153 -945.3917336 1
18.20451235 19.87658697 1
271.280593 342.374961 1
896.489252 -837.867602 1
511.9124851 -526.640459 1
400.2268815 -621.4046463 1
39.10970334 -951.3925623 1
536.9079985 -608.628837 1
816.9457661 436.5250703 1
-945.0921209 268.6420745 0
-204.2724033 -33.16315101 0
519.3125459 250.3048326 1
566.377953 898.7637905 1
-609.2931643 -252.4868716 0
-689.1786615 -690.047288 0
385.950342 -156.5554694 1
159.9175022 956.4055315 0
-928.5701692 444.1569249 0
-518.618047 913.1758108 0
143.7422995 565.7253615 0
-978.7901648 886.0342928 0
786.7330225 819.6176858 1
718.6953865 233.7179636 1
-702.557772 976.3265703 0
589.3090008 -153.3669935 1
926.2053179 -722.4283024 1
-428.254622 24.77295388 0
-466.8663038 -329.1314698 0
888.9515094 225.01556 1
454.6487474 -85.88899933 1
260.5429227 -198.0558461 1
595.3997655 245.3758878 1
-125.0701938 -877.0232111 1
488.3501487 -891.7951102 1
-230.1702561 -33.53143092 0
398.0530614 858.0350267 1
888.8858465 -317.4012192 1
-553.328004 525.8169196 0
-890.2990832 149.8352878 0
960.6297552 -122.2537053 1
-919.0868531 -470.4671161 0
304.3649984 -569.2458079 1
156.6996901 -978.1060055 1
-619.5406131 237.751307 0
-444.3089276 967.8753799 0
-558.2688067 819.1793109 0
-809.2984807 919.8046566 0
822.2604301 -348.7071219 1
-563.0461197 304.3492977 0
361.6092011 -601.9630375 1
-132.5803265 989.8757898 0
-987.4395498 526.5750868 0
-714.173839 952.6393017 0
-121.2818986 -111.5536459 0
928.5484129 34.61839367 1
-252.7014657 659.1018816 0
-108.6059766 58.96875536 0
-261.9156162 -485.6347366 0
-207.7775661 104.0246446 0
179.0225105 88.04390583 1
289.9723628 -320.4119074 1
-380.7352823 -251.1188069 0
-228.906137 -844.7223904 1
632.0774549 -418.0098179 1
-322.7499056 812.2928805 0
89.88960278 253.4665199 1
727.0675683 975.6801922 1
-549.3749234 772.8642037 0
-771.1998042 -191.7731951 0
-290.4763998 -428.2704156 0
413.6602978 805.6742687 1
-911.0404328 -779.0540589 0
-356.0804449 -570.4165468 0
723.026304 -383.5430896 1
643.0793821 870.4748844 1
-117.160613 -995.1943372 1
-767.5625361 -446.8314363 0
-491.1492583 323.113299 0
-825.8155142 -139.218313 0
-751.7805867 -399.4442377 0
-616.6367465 813.3078296 0
589.8015461 559.5031645 1
214.8598605 -174.0655336 1
-197.9949213 730.922518 0
-601.0952465 838.5071847 0
-329.3510557 988.9003521 0
-529.3401467 -277.5809249 0
-636.242923 639.8647209 0
-483.1245154 -56.96761502 0
-570.2615159 965.8088261 0
12.57031822 -697.8257766 1
588.764184 -689.8590384 1
763.278197 891.198749 1
-912.6400143 -577.3660324 0
-62.28209517 -583.8478437 1
862.0073836 -600.2714524 1
-149.0398398 -356.6789831 0
180.5667409 -984.7444724 1
703.0713342 813.9937778 1
85.96640083 -822.7173269 1
863.9870681 730.9654424 1
74.63211983 55.16556848 1
-17.28487293 -145.2670577 1
533.7971088 -705.0829893 1
147.6991182 447.3815639 0
-13.29815899 -250.3452371 1
924.2356714 -42.57938762 1
659.3101833 -733.2858632 1
-222.0048289 911.8851247 0
256.0448679 -827.1104803 1
585.8456924 603.226432 1
-884.3514753 -979.904138 0
-543.3046547 879.7164072 0
625.669292 710.1434633 1
-344.8245044 456.8269394 0
-377.2842147 -382.8606297 0
706.2221573 995.3896166 1
432.5330456 466.2805538 1
-99.17331038 -535.5469121 1
989.8095119 41.73491072 1
-787.5745332 884.0703808 0
37.94318559 -767.696223 1
847.3458459 586.3072582 1
-598.7366459 253.889264 0
-242.2958608 -105.8091177 0
384.224001 -625.6175248 1
-601.4678381 -663.6778437 0
-140.1537537 419.2435236 0
425.1620581 669.1802246 1
592.757528 761.2750228 1
618.5383235 -284.3983427 1
493.8650918 355.1732386 1
-339.3630298 971.2588349 0
863.0108983 -364.8324893 1
640.0348069 -140.1477693 1
817.9566073 -64.21545689 1
-327.5858075 111.6468867 0
-418.4827215 -598.6660252 0
-741.1311517 -362.96193 0
-476.2027389 690.5706045 0
387.6310915 50.54786716 1
621.9384549 981.9185463 1
-447.2486475 332.2895246 0
-438.5624822 249.4058528 0
-811.974389 -399.8459353 0
-890.8499908 806.7606202 0
-604.9285677 975.1358089 0
-155.1909747 -205.3164091 0
-415.3448769 -606.0164919 0
-688.8990655 -602.753724 0
145.9740357 -281.2257652 1
420.2104691 983.9465269 1
-795.7379427 843.5154758 0
815.5307626 920.1021613 1
-236.5462508 -28.86515445 0
-234.181694 504.6629083 0
-500.5337198 185.048665 0
-480.9688715 227.8397522 0
-213.9342451 45.26038033 0
587.3356654 -114.3209682 1
396.8756953 -141.5395055 1
-218.0814938 -39.1433388 0
-545.5650512 792.8403726 0
915.6957025 700.8726829 1
899.7605689 715.5760948 1
930.3558238 -712.067265 1
872.2434481 96.32913338 1
-145.6146864 -864.3032166 1
-310.2010289 391.5333989 0
381.5411266 -923.5063089 1
-533.1512325 -349.9617449 0
833.3870704 290.4198195 1
-622.658066 541.6489655 0
-901.6935446 -831.4144848 0
622.7293197 371.3713647 1
366.5909684 866.1556457 1
592.956819 -341.5648185 1
204.9828851 634.6611174 0
-425.1188219 -437.483007 0
303.2788549 -749.8961866 1
558.1965096 -803.5696601 1
557.8093352 36.74108325 1
-70.0096846 923.0167931 0
-615.867871 472.8176968 0
-557.1186357 -230.5213337 0
-413.5375007 573.4427961 0
621.1134593 889.0919177 1
-75.81026242 -855.8373867 1
190.962625 986.3827172 0
368.4382749 -260.5291806 1
-639.7555618 700.4765957 0
-11.12269918 -859.951258 1
-316.6645431 284.3998255 0
-296.2969155 832.5657483 0
-303.877883 475.9005579 0
126.0489759 -416.7613535 1
66.86422924 692.0165545 0
-560.6927058 125.9025266 0
598.8943378 424.2542239 1
976.0426544 812.6885922 1
-534.5835707 -674.1442352 0
797.6959885 -343.0093951 1
-621.3688727 460.6961922 0
-15.32669414 -749.0199936 1
-36.36444732 872.8874033 0
496.4542445 -31.78180747 1
-640.4402673 -328.3605992 0
-924.8327808 -489.2343447 0
-408.8740179 96.14830635 0
165.9021425 -929.0423406 1
739.625346 659.1059417 1
73.95651656 735.9797175 0
597.1810503 575.5770081 1
-431.2398574 -739.9976304 0
-810.4618893 799.6162136 0
159.1889311 530.3761099 0
43.46868213 385.7962028 0
-174.5198525 14.06744134 0
-477.7661271 -716.4080764 0
-190.3403689 449.1088519 0
703.5072884 -357.6899888 1
749.8346834 518.7084689 1
979.7815363 974.1351314 1
45.63980643 992.2384253 0
265.1517783 399.5963281 1
-131.3136917 -923.4495809 1
-761.6067204 6.720555184 0
-276.2735086 518.40694 0
452.1076985 67.9597358 1
-967.0283327 -32.81903748 0
-76.845033 -291.5535543 1
791.2448128 545.2360746 1
16.91058692 -817.9439497 1
-93.69233473 680.7108405 0
-201.323293 -376.0631154 0
-903.5328782 615.8435265 0
114.3001127 739.2249466 0
864.2041781 -450.8927294 1
-418.5985114 874.8151474 0
-850.588448 -266.438349 0
719.1493189 353.9441788 1
-601.121919 874.6001662 0
-251.2026979 -109.5359064 0
829.1768679 -840.6070258 1
-183.5420527 873.5956394 0
384.9050776 -721.1135581 1
-436.4854267 -193.1988305 0
619.4711673 827.0989281 1
78.78236632 818.5493644 0
-857.3105625 585.6640946 0
-627.429225 -251.1821338 0
-466.2425064 -237.6379125 0
72.36369288 903.8689514 0
142.9017908 -579.3231427 1
-170.9922382 -675.1809488 1
-591.2038291 -223.291156 0
-383.3734288 -234.9536275 0
4.266979526 -776.0115044 1
-614.1775243 -521.2049166 0
413.1713078 646.3622793 1
397.9860994 -658.4477864 1
886.8102424 -818.5033868 1
460.4050352 -782.688601 1
-667.6530398 -669.8704591 0
-898.3265345 430.9712995 0
-604.0053715 212.9883105 0
149.1943355 -108.2135269 1
-519.7287878 -416.6705508 0
-743.9754885 -106.3032605 0
712.8694328 336.9146456 1
-862.3022964 -231.7742441 0
828.3801346 -415.0706493 1
-384.8556304 201.4137754 0
-732.6022167 -949.1387994 0
785.4247584 656.6122454 1
-916.768623 -74.94987034 0
-975.1135844 -285.1491647 0
725.1889055 -656.1610673 1
-65.16226183 666.6332145 0
90.83466418 -378.3500843 1
-311.5573193 800.8836831 0
-142.1379375 -492.5938133 1
675.3559117 -0.985644674 1
-936.0319653 -147.2123999 0
-472.1266546 864.6033645 0
62.19185605 898.3002521 0
-271.7688132 513.8970919 0
-904.9169123 243.0081411 0
-630.4882577 -865.2904972 0
-83.47716942 294.2116376 0
-462.1091224 -816.6544235 0
34.46904913 976.527209 0
166.8108947 429.6303526 1
-327.3360541 -309.3879465 0
528.9577742 334.0881072 1
688.3310271 697.1830029 1
724.8975782 -551.567099 1
-717.2195931 976.2376916 0
627.7971175 927.863538 1
20.88351591 -395.2978726 1
-250.2811428 642.968501 0
-988.9944592 -577.2092303 0
65.67472099 -705.9848458 1
-461.0440434 977.5384906 0
-779.0689917 -70.57816639 0
-976.0600941 -197.5901851 0
-479.5937803 -174.1300961 0
-59.00808107 -857.3242423 1
660.0187327 -445.143226 1
979.6378464 -377.5662394 1
-382.4059079 -838.1609588 0
-99.22494294 -294.6462452 1
-220.1488335 398.1255207 0
-394.91807 539.4018544 0
-925.7087661 373.9935373 0
-583.1989918 996.6281709 0
-974.5168402 -624.8465756 0
69.89284201 -408.1302985 1
840.1847019 40.8294705 1
-580.8373611 69.27975071 0
103.8262915 433.5287148 0
-56.778864 19.0944042 0
-551.0842195 -722.9378454 0
820.3364236 -618.7753314 1
-634.3972282 882.5113436 0
287.4757494 -341.2128758 1
-754.9337925 734.819878 0
-986.7636091 76.41497463 0
389.9794736 797.9006983 1
-343.6413691 -614.6012557 0
595.9499668 561.5092759 1
93.39214579 421.3284878 0
821.7230544 -775.2695454 1
710.1367865 634.4054188 1
560.8472882 -908.6047251 1
-424.9090068 150.7116259 0
163.2340349 225.2165106 1
-679.2299162 194.6535047 0
-930.8877555 -277.3752378 0
269.9146907 -948.7621934 1
-386.6950597 52.28576452 0
-877.9680034 -357.5066448 0
658.1084398 -735.4427157 1
-254.5979763 -384.0617423 0
-516.9696135 -627.0598367 0
773.1891906 659.0297517 1
562.026757 197.1403422 1
-19.32687744 -993.219102 1
494.5244052 -917.3241786 1
-951.5385147 585.1612346 0
445.9815795 186.191436 1
897.8705594 956.016248 1
-729.9346897 -607.4603101 0
670.6713865 -487.9152731 1
-635.7933788 -159.5595305 0
-896.300835 -864.9094048 0
955.2536871 708.5670407 1
-632.2773265 -190.0181197 0
491.4416679 938.5360832 1
916.2521782 -923.7346241 1
-368.825299 -785.3670624 0
-690.3575612 -861.1118826 0
-599.1580925 512.3998829 0
-569.7149708 -623.2281598 0
110.3158843 -134.0165164 1
119.4320268 -591.0419714 1
-963.5867806 686.0392547 0
18.28126469 537.8964957 0
-945.5717371 288.6711429 0
349.5050301 -73.04829081 1
-519.1267849 -370.2701708 0
-772.6296512 534.4962287 0
807.4896384 138.7471716 1
533.9194504 -72.12964926 1
-444.7008447 -665.3275843 0
-657.981444 -324.5285654 0
-992.671802 824.366746 0
-30.02144615 -8.825988072 0
685.0904326 160.2118325 1
712.9812404 488.1220016 1
-253.6632738 -93.71658587 0
-287.9282934 -591.166175 0
679.1395075 -555.4563191 1
654.4692298 368.4413112 1
-669.902364 -758.5110307 0
265.2531138 24.89976588 1
312.9071409 -39.37137469 1
623.2039666 996.3141029 1
-602.8721522 306.704 0
-664.0899033 374.9252949 0
934.1452197 910.224731 1
208.2912106 -368.9615284 1
-826.1352173 -710.3129926 0
-227.9698794 964.6974979 0
-298.3744909 866.7524153 0
115.3152851 383.8962757 0
-618.1137977 238.2953576 0
609.3885219 813.9102105 1
-181.1318082 -941.0505208 1
-914.8880457 367.2548465 0
-444.0537072 883.9374761 0
370.5058938 -186.1806311 1
190.1900977 59.04606024 1
537.4132908 636.4539246 1
-704.059409 -299.6686497 0
557.8460954 380.7170699 1
-576.4482735 -272.0438212 0
406.7464393 566.694 1
118.8191268 -384.742154 1
762.3160145 438.6929357 1
-180.9329184 -936.3163502 1
-148.737185 415.7409606 0
388.092276 355.242159 1
931.668186 -515.739357 1
-830.9004096 -193.3687591 0
-917.4065269 -359.4194869 0
174.007901 -707.6888542 1
850.662008 38.84280914 1
77.24483984 846.9241379 0
892.7556835 774.8065503 1
104.8855447 -842.157783 1
657.6898535 -997.8760139 1
833.864977 932.4948641 1
331.327482 227.4754711 1
-119.8912114 -920.2987429 1
-732.3383283 -56.29808863 0
907.5087146 -662.2984923 1
-844.0432502 294.6300495 0
-418.7266348 -27.99216844 0
-970.8889965 -396.5227694 0
952.0132197 -490.3317285 1
-826.4397696 -575.5478302 0
897.2509435 137.5050361 1
-392.7531596 458.7785895 0
874.5656094 960.3289376 1
632.5461619 -432.5600606 1
-354.090586 -321.9877847 0
420.3045663 -557.074953 1
-324.0228441 712.4479067 0
210.011992 534.0770923 1
-371.9399075 -570.4247505 0
-29.57165716 -344.0372226 1
-469.5499395 -906.0726844 0
99.08894979 226.5894208 1
-734.3398898 243.687385 0
-830.4780541 -587.2374225 0
-712.7820596 -590.8668113 0
-495.1141916 -829.6950137 0
-127.2073605 -2.497526743 0
-170.4144461 -509.7813578 1
388.2019978 981.1639606 1
698.0031167 688.511675 1
25.20250156 -513.0678203 1
-975.688768 147.698588 0
-520.6442734 942.6323666 0
-157.4189665 -953.5428073 1
174.7066443 -200.9530457 1
416.9107507 -11.7233895 1
400.033657 -920.2480717 1
236.2642669 -842.6398137 1
325.6022484 243.1127652 1
976.7187561 433.7461854 1
867.3350145 750.9392639 1
-529.5414507 -746.1847185 0
968.8507361 -167.7354194 1
207.5731182 -798.5449136 1
-497.2258212 371.6825514 0
-777.4509064 595.1556118 0
967.0602762 -684.8564379 1
191.8246533 762.9491029 0
262.9625024 561.4345481 1
24.46027759 370.5509882 0
-426.7719147 310.1429776 0
585.5598956 448.3815613 1
274.759271 -422.7728545 1
919.9323785 667.1097308 1
-202.3388063 224.4120341 0
-413.0983764 -576.605932 0
-694.0349002 -766.4789061 0
439.4195631 -575.8125861 1
-267.0137293 -586.8462939 0
19.07912983 416.0861026 0
-610.3440407 -987.2358316 0
169.6142146 375.3299103 1
919.2965956 968.5303513 1
-810.0490242 165.9873278 0
-12.85861933 743.3893482 0
-701.9336299 -874.1290862 0
412.7270152 977.6746163 1
-377.3971464 116.4504802 0
-378.3315954 -816.4689861 0
-568.2377973 -86.296055 0
-986.4756671 -711.808431 0
-759.1447007 -873.7322784 0
-461.5062679 -711.4002403 0
-347.0763288 -188.1507449 0
-269.9639545 548.2576928 0
-310.9463357 -152.2694331 0
-402.489402 527.8619348 0
-906.8865291 -729.7863321 0
423.633297 736.1729733 1
980.95137 344.5697153 1
-644.3432944 268.3886607 0
153.3975181 -168.4936449 1
890.3646137 360.2148337 1
-120.338652 504.6585476 0
-430.0087098 882.9467192 0
-328.1223109 -327.3275597 0
-550.0883029 903.042447 0
495.382078 837.8064353 1
397.6686975 613.4409199 1
-667.3584836 -195.1163743 0
-413.2114687 -48.93911959 0
459.9079747 310.8537892 1
75.21765518 -728.7248182 1
-532.0929845 -679.0277899 0
690.5227576 650.8865631 1
443.1317619 -270.2487747 1
-466.8294356 -862.4232809 0
-657.1304703 988.123992 0
85.57909365 -912.8770344 1
-756.083208 -672.4438436 0
661.2047472 -556.1639661 1
782.6184567 -787.8700894 1
-396.4432741 -223.571421 0
868.2796842 -238.1305025 1
237.7850692 -473.7808237 1
-415.8256917 -352.5737144 0
677.0760734 -256.9076663 1
613.9563368 93.04140486 1
188.3527012 -285.8625761 1
586.6496581 -526.9064261 1
-737.6542232 -412.3718319 0
-92.8417225 -109.6134008 0
-884.9791133 -350.6501237 0
569.0154473 501.5456355 1
884.8591821 -220.5966508 1
-42.86270153 1.120837284 0
-715.8920545 759.447881 0
-332.8735486 -117.9860704 0
279.4511237 297.0796929 1
-915.5562596 -765.3835626 0
543.2487704 705.3169476 1
919.3998459 868.8720204 1
-110.5398483 -189.8768456 0
515.9813091 -267.7979719 1
249.6905146 625.3799851 1
52.3356636 296.9441221 0
-720.8487764 337.3198818 0
-171.7609684 846.4039128 0
482.1554089 974.3044825 1
164.5940005 489.4326581 1
275.2115706 -794.8851364 1
-914.3669786 739.2827024 0
-504.2997262 676.8694919 0
-770.2670779 92.16618004 0
580.5940461 -316.4715469 1
851.6903046 -271.219411 1
-473.4898382 829.9637619 0
-871.7916379 326.6552254 0
751.8424072 460.2007386 1
-818.565116 504.5317302 0
4.824055641 -496.8186946 1
916.1224848 -980.7732968 1
882.6391573 -545.6066232 1
-411.325646 668.5855766 0
71.60810423 669.3121066 0
626.1513624 872.041473 1
227.2605974 83.45677051 1
469.674784 934.4405494 1
361.5496803 652.2573489 1
445.9199872 34.76177389 1
-455.030734 51.54946355 0
-8.23098595 -532.5962826 1
-675.6685828 -143.8614666 0
498.7715299 -675.9193905 1
-402.2025563 730.9311302 0
333.295207 -252.7362482 1
-768.8888737 885.996484 0
294.3068337 -212.5908929 1
798.1331156 -51.81936429 1
924.6010255 688.3882197 1
230.815135 468.8431165 1
971.5076144 -407.3084116 1
-603.6493327 685.5875557 0
-345.2931315 584.9166904 0
482.2400978 495.4291916 1
-262.9383972 -566.6320511 0
655.8392996 168.4441996 1
-688.295163 152.3874998 0
358.3366428 2.267052983 1
177.3305251 -26.56811459 1
-29.59954683 -142.4336675 1
-187.066417 740.498805 0
-490.3532671 -218.631231 0
-727.170133 597.193005 0
-509.0194343 849.7016644 0
-620.2955989 -976.9279501 0
-651.3855755 -557.1761787 0
-839.9425127 -80.47421708 0
60.89414035 -930.8900612 1
399.5776436 -661.4452342 1
835.1385931 -672.6509275 1
388.060219 0.267898397 1
226.0202882 -602.0590612 1
93.0995094 508.7228434 0
409.5848618 96.28393488 1
-797.7687299 182.5140546 0
-587.8130912 -450.7812805 0
827.1807301 -446.6082121 1
-328.7109796 742.6614035 0
-18.53144111 602.1664342 0
734.6848888 164.0877464 1
934.6908645 -418.9783003 1
-394.4369625 -852.531187 0
776.0951641 -896.7219347 1
669.1915656 -665.1603041 1
-11.00819427 -713.7941478 1
814.826425 -816.5666059 1
587.7508209 -367.7242019 1
573.3651695 696.4360745 1
300.1492939 -667.9168877 1
347.9796451 182.4171636 1
349.4142864 -4.693347151 1
-94.4324884 675.5293222 0
-934.1432008 -793.889249 0
-249.1826297 165.8345559 0
244.9884034 -440.3911446 1
846.6293669 784.6481129 1
-813.2238091 688.6859084 0
-853.786321 -136.3906188 0
-627.630141 723.255066 0
992.441649 -739.860333 1
10.0788652 802.8108976 0
301.9973502 396.7625646 1
-991.9405651 -787.80386 0
335.7045965 -654.506501 1
-193.1179217 -227.1352128 0
-595.734098 544.7849287 0
-38.04424268 -253.6411934 1
-956.2966828 -790.5341424 0
-828.0063396 -359.2442276 0
784.7708538 88.75137874 1
634.7034784 594.5753399 1
-993.6668197 -198.0186509 0
848.5669175 -534.4865211 1
-662.9089869 -72.00968384 0
-770.3231074 -772.3068503 0
-84.45179817 7.258614526 0
472.6266013 797.4433753 1
698.8445387 -50.59883616 1
931.9684511 298.6734577 1
809.6193874 316.0473759 1
-235.3008345 -840.7864392 1
-284.8027975 694.7685026 0
-599.0454823 751.6587816 0
11.72365097 37.56185365 1
320.1415152 -422.1919245 1
-312.6460782 213.5885632 0
-177.0481193 148.5620761 0
869.4702664 697.1583091 1
408.7780461 663.1819887 1
106.7004267 -150.4979621 1
-88.66318476 -47.01272374 0
-130.9829125 -866.606511 1
-857.832976 -8.100212229 0
-394.9630194 -421.0906236 0
-433.2067568 -841.7909959 0
569.841137 -222.909836 1
-470.0414704 -443.8977817 0
364.9944332 191.4671964 1
161.97883 -82.88534023 1
-738.6664057 623.7823985 0
-375.3112987 -573.5051133 0
-360.6476135 -873.0523265 0
-88.61034852 -362.4720638 1
-484.2203734 -94.95495552 0
777.152913 622.7917923 1
939.9952265 532.8003388 1
-249.5828095 -847.158537 1
523.5040664 220.8089524 1
523.9855044 912.2650188 1
-634.7191463 -626.5342786 0
793.8717461 696.7537426 1
-36.19933202 579.032569 0
716.0440845 339.8332771 1
911.7441582 -91.57274742 1
222.6740698 -266.7302153 1
102.8438415 -749.1991375 1
295.8070762 -631.7000322 1
-308.0264493 -761.042942 0
781.9831379 398.0078941 1
58.22738629 607.4258408 0
-477.6040924 130.0705113 0
352.5289184 791.4752954 1
670.5005059 61.31829083 1
-494.6233203 -940.9703568 0
-480.2984686 225.1602068 0
242.8547509 812.9680251 0
351.2596239 977.3079197 1
658.1736983 -634.9368432 1
165.6030632 -542.6059228 1
-451.1247696 460.1890238 0
-969.8034424 935.2328785 0
31.97095546 -920.9696294 1
860.1640761 -905.2195845 1
488.5779292 -816.6235576 1
-775.7349084 -312.6977001 0
208.2771868 717.9692731 0
64.55662656 -380.447397 1
-814.0470542 705.8498348 0
-449.8662631 -809.301188 0
85.23493689 304.9851108 0
-745.0754247 -133.0184773 0
-432.8347269 -368.4104936 0
686.3626967 181.0940078 1
-166.96589 -794.6787833 1
-85.3314129 928.9560874 0
377.3598735 505.9395636 1
-416.268294 -20.0277746 0
-621.9450191 665.5672492 0
-124.3259516 254.1261226 0
-458.3462032 -471.4543396 0
-651.9996371 -860.5351469 0
3.116899171 -733.2767891 1
622.3961289 -249.7022057 1
789.9836534 -196.3489104 1
630.0490368 -278.8821928 1
70.25315561 137.4130236 1
450.3307777 701.8069273 1
-579.6823754 560.8548726 0
-778.0012641 -396.5263043 0
-426.6399696 -907.3371032 0
-111.6086712 56.1987193 0
-7.533201346 -781.299232 1
-464.238663 994.8605866 0
-992.1726509 138.5101648 0
344.3620607 124.0866575 1
638.1769208 -593.5324606 1
437.472795 15.48541588 1
-132.1251085 740.2114182 0
-269.9336328 318.2229585 0
362.2100661 -243.8385085 1
-666.615992 -27.83980518 0
-185.2388113 850.5978785 0
-570.6366339 897.6375774 0
-249.3911798 -268.5930936 0
-49.8942696 -434.6288245 1
69.386246 161.6220853 1
889.4185533 305.4717402 1
-209.1793643 -844.7632304 1
146.8054787 -247.9194395 1
450.3380146 22.03478976 1
882.2517371 380.9801771 1
-772.1512266 672.492682 0
-174.7873512 472.7986001 0
-763.2266072 -722.0275921 0
91.85160766 407.2248452 0
170.8028087 -614.4025376 1
-397.6875456 -432.7128748 0
394.6259102 6.843410075 1
-576.3107798 911.7634463 0
716.5285795 586.8190887 1
358.5677256 -127.8407756 1
975.9111297 502.9211809 1
44.8390781 362.426306 0
430.1818425 43.265563 1
-429.5900398 -940.0944497 0
531.677163 -330.6295715 1
684.8680982 793.7471624 1
-162.3099573 -602.800459 1
705.8808197 -777.6893329 1
-640.0323246 -697.9914461 0
-764.4794106 718.6466307 0
-109.9289509 -354.6176188 1
-701.8949409 350.272311 0
445.2837615 880.653497 1
-868.8968071 -929.2650538 0
748.2801814 -140.5723564 1
-397.8416545 527.9289603 0
718.4374916 -719.8383384 1
726.7086158 692.6395042 1
-272.4114924 536.4254042 0
895.0409232 -759.166639 1
-744.0680672 96.91330208 0
-39.50050806 -237.2516618 1
-281.9860552 389.7211752 0
-779.9040773 -23.5681492 0
-203.2508317 511.7402139 0
847.3460898 -530.8868864 1
723.6780525 -250.796625 1
417.3095287 -713.6703045 1
-0.73126368 -262.8702679 1
-898.4727845 -758.4341999 0
-374.534609 124.514811 0
-868.2345066 -589.6756916 0
-633.079553 353.718901 0
-856.5594233 -825.0691201 0
-956.6841967 729.2965486 0
524.704032 -782.4128577 1
-571.0667134 -278.7389627 0
-657.1262711 624.9188308 0
328.2299858 753.0799282 1
-136.0153929 -486.47778 1
383.8830748 -260.5353602 1
903.4993198 -565.2388941 1
87.3591101 -353.8694681 1
795.6849882 328.2964547 1
831.7591815 285.7304098 1
-246.7416276 -955.7181245 1
-343.5813858 923.3746399 0
79.14539306 -410.1096323 1
958.0346668 -460.0818421 1
715.7136621 -198.3701537 1
-818.0317019 911.0734226 0
-893.281572 698.4123213 0
-248.8819109 987.7034967 0
-393.8998637 -851.378055 0
26.40205011 818.8672105 0
-838.3328672 555.9324535 0
-633.3101931 -708.645322 0
-373.8703609 367.8311377 0
-488.9214953 -999.7739044 0
-729.2298719 -589.844162 0
518.1991052 -904.9660915 1
546.3373316 847.5026651 1
391.1158328 629.9000191 1
91.07953469 -265.1114347 1
-429.1795466 -914.1215196 0
-127.057552 321.3881951 0
967.2375418 516.7298255 1
578.7287163 996.6764923 1
824.0605862 -385.5374389 1
574.7331779 -222.5744456 1
-857.0193579 -445.1685144 0
341.6910453 476.4335637 1
-894.9930181 760.4805228 0
173.6521672 452.9876196 1
-581.3858023 -698.0965461 0
-423.6229568 499.6595766 0
528.7660282 480.6442883 1
818.349225 -238.5494339 1
935.5723904 137.5308092 1
182.2126091 -740.1559737 1
-473.8929016 757.6754702 0
-473.6290046 -568.5036701 0
593.5993087 -825.4424147 1
-102.2113204 -903.1375228 1
-287.5739891 -485.2607036 0
553.7241176 -5.088253824 1
-644.8132756 -529.5575073 0
169.501495 -12.71739429 1
434.2820451 -206.6593483 1
128.9879125 -976.9275917 1
306.3058574 652.8062931 1
718.2104071 -322.760753 1
556.4800764 -194.8189886 1
-991.8690041 926.6443254 0
-515.3364678 -514.1917505 0
-319.9579823 286.2233801 0
591.3678871 420.2586504 1
-816.0699212 189.1070307 0
-9.346525721 -148.8884952 1
408.9660153 186.8927205 1
-457.4307093 -705.0533802 0
127.0482651 -110.0032639 1
-149.1590043 877.4192812 0
-577.3051432 909.2979561 0
-376.5547322 -385.4624534 0
303.8940677 35.51772731 1
-441.0710935 -993.7582279 0
551.464537 -473.1145595 1
372.1686865 -993.0108829 1
761.4146663 -909.429117 1
-14.71834793 68.46940183 0
19.01811417 -196.4609157 1
513.2208351 889.8340767 1
-431.34275 253.3856563 0
777.2297833 -483.4541141 1
-417.4354283 727.4333744 0
691.6807749 364.2103572 1
626.8940837 -725.768358 1
434.6538287 -547.0352811 1
694.1608377 -950.388736 1
725.4099642 -497.7443474 1
-790.3418709 -485.2936912 0
-196.2699702 -446.1910362 0
530.2016667 106.1001977 1
-155.1027232 -152.9836493 0
-137.7657236 586.0663844 0
-756.3909561 586.9582447 0
562.9098106 -726.2782809 1
10.69216788 621.8668873 0
-807.3944589 135.372332 0
380.9555842 -889.835183 1
131.8587351 715.3039128 0
247.4282778 -859.2867641 1
358.0824845 17.44717018 1
966.5805788 168.5595921 1
-421.5192656 528.882488 0
-451.7483677 214.2000248 0
-522.7263747 786.3941361 0
-189.6081237 -379.4734728 0
-302.6086343 794.6984774 0
626.6194437 -927.1151775 1
299.4714037 -933.9023382 1
902.8597092 -753.9415415 1
